1506456520.727999926 0.0 0.0 -0.5 0.7071067811865476 0.0 0.0 0.7071067811865475
1506456520.898999929 0.0 0.0 -0.5 0.7071045050064229 0.001794157078317496 0.0017941570783174955 0.7071045050064229
1506456521.079999924 0.0 0.0 -0.5 0.7070971362593327 0.0036932226917270206 0.0036932226917270206 0.7070971362593327
1506456521.252000093 0.0 0.0 -0.5 0.7070854077043421 0.005497836991416474 0.005497836991416475 0.7070854077043423
1506456521.453999996 0.0 0.0 -0.5 0.7070133255141647 0.011495979532067699 0.011495979532067697 0.7070133255141647
1506456521.638000011 0.0 0.0 -0.5 0.706962270606327 0.014295031974306113 0.014295031974306113 0.7069622706063271
1506456521.809000015 0.0 0.0 -0.5 0.7069261470645002 0.015981945956001043 0.015981945956001043 0.7069261470645003
1506456522.002000093 0.0 0.0 -0.5 0.7068039181540204 0.020693508212111678 0.02069350821211167 0.7068039181540204
1506456522.174000025 0.0 0.0 -0.5 0.7066249876470746 0.026098406709448067 0.02609840670944806 0.7066249876470745
1506456522.358999968 0.0 0.0 -0.5 0.7064522129691189 0.030418264102917217 0.03041826410291719 0.7064522129691188
1506456522.529999971 0.0 0.0 -0.5 0.7060861705096267 0.03797788586862543 0.037977885868625424 0.7060861705096267
1506456522.769000053 0.0 0.0 -0.5 0.7054390390917195 0.04853619397265649 0.04853619397265649 0.7054390390917197
1506456522.940999985 0.0 0.0 -0.5 0.7055301688241917 0.04719301726852654 0.04719301726852654 0.7055301688241918
1506456523.141999960 0.0 0.0 -0.5 0.7053472708576494 0.04985205606257071 0.04985205606257071 0.7053472708576495
1506456523.345000029 0.0 0.0 -0.5 0.7051645216966669 0.052373632109212816 0.052373632109212816 0.7051645216966668
1506456523.539000034 0.0 0.0 -0.5 0.70556616582732 0.046651748517443956 0.046651748517443935 0.7055661658273199
1506456523.721999884 0.0 0.0 -0.5 0.704789509544147 0.057199189124678425 0.05719918912467841 0.704789509544147
1506456523.928999901 0.0 0.0 -0.5 0.7049723104887669 0.054900286375661606 0.05490028637566159 0.7049723104887669
1506456524.111999989 0.0 0.0 -0.5 0.704534201077255 0.06026242205914187 0.060262422059141854 0.7045342010772548
1506456524.298000097 0.0 0.0 -0.5 0.7046783793031154 0.058552384603315244 0.058552384603315244 0.7046783793031155
1506456524.499000072 0.0 0.0 -0.5 0.7037839384838559 0.0684701974011471 0.0684701974011471 0.703783938483856
1506456524.694999933 0.0 0.0 -0.5 0.703261087546243 0.07364674292374146 0.07364674292374146 0.703261087546243
1506456524.871999979 0.0 0.0 -0.5 0.7027562027107092 0.07831806657230934 0.07831806657230934 0.7027562027107092
1506456525.078000069 0.0 0.0 -0.5 0.7026291573693865 0.0794497779379272 0.0794497779379272 0.7026291573693865
1506456525.265000105 0.027341768882200926 0.006263423770777315 -0.5 0.7020540995259573 0.08438033739442721 0.0843803373944272 0.7020540995259571
1506456525.436000109 0.0771807375653035 0.018419382133848552 -0.5 0.7022181835867952 0.08300375075899956 0.08300375075899957 0.7022181835867951
1506456525.608000040 0.12735869932285543 0.030449761081250172 -0.5 0.7022708144870641 0.0825572717552836 0.0825572717552836 0.702270814487064
1506456525.878000021 0.20615040596747852 0.049234490002043524 -0.5 0.7020950445014503 0.08403897004667918 0.08403897004667917 0.7020950445014501
1506456526.052999973 0.25716725679211494 0.06162518893055453 -0.5 0.7020652121108757 0.08428782796887728 0.08428782796887728 0.7020652121108758
1506456526.249000072 0.3142963218437469 0.07554328574898804 -0.5 0.7020690608988335 0.0842557637709719 0.08425576377097191 0.7020690608988337
1506456526.444999933 0.37142658859489197 0.08945614731750602 -0.5 0.7014503826044968 0.08926007362760367 0.08926007362760366 0.7014503826044967
1506456526.619999886 0.42225342918801 0.10260456147366821 -0.5 0.7006296969839814 0.09548836423425898 0.09548836423425895 0.7006296969839813
1506456526.792000055 0.47197151712074065 0.11641314447685273 -0.5 0.69989167717959 0.10075534831829298 0.10075534831829298 0.69989167717959
1506456526.967000008 0.5223396591481977 0.13122188474070096 -0.5 0.6991001503224701 0.1061083400072767 0.1061083400072767 0.69910015032247
1506456527.141000032 0.5472642250929544 0.1389663150222316 -0.5 0.6982725555338717 0.11142458520540317 0.11142458520540315 0.6982725555338716
1506456527.341000080 0.5472642250929544 0.1389663150222316 -0.5 0.6975725129063874 0.11572635498220764 0.11572635498220764 0.6975725129063874
1506456527.538000107 0.5472642250929544 0.1389663150222316 -0.5 0.6982831194971697 0.11135836306852555 0.11135836306852553 0.6982831194971695
1506456527.713000059 0.5472642250929544 0.1389663150222316 -0.5 0.6986833157769167 0.10881922741396995 0.10881922741396995 0.6986833157769168
1506456527.894000053 0.5472642250929544 0.1389663150222316 -0.5 0.6989516289185298 0.10708230681178799 0.10708230681178796 0.6989516289185297
1506456528.088000059 0.5472642250929544 0.1389663150222316 -0.5 0.6990960275186646 0.10613549975207374 0.10613549975207373 0.6990960275186646
1506456528.262000084 0.5472642250929544 0.1389663150222316 -0.5 0.6987014328228582 0.10870284159710292 0.10870284159710292 0.6987014328228583
1506456528.433000088 0.5472642250929544 0.1389663150222316 -0.5 0.6984899008075991 0.1100538889353322 0.11005388893533219 0.698489900807599
1506456528.631999969 0.5472642250929544 0.1389663150222316 -0.5 0.698161929938517 0.11211565271863419 0.11211565271863418 0.6981619299385169
1506456528.805999994 0.5472642250929544 0.1389663150222316 -0.5 0.697870174132171 0.11391760204960977 0.11391760204960975 0.697870174132171
1506456528.980999947 0.5472642250929544 0.1389663150222316 -0.5 0.6975720507206364 0.11572914089980016 0.11572914089980016 0.6975720507206364
1506456529.151999950 0.5472642250929544 0.1389663150222316 -0.5 0.6972761990488053 0.11749852016111006 0.11749852016111004 0.6972761990488053
1506456529.345999956 0.5472642250929544 0.1389663150222316 -0.5 0.6971748849681053 0.11809817851986161 0.11809817851986158 0.6971748849681053
1506456529.516999960 0.5472642250929544 0.1389663150222316 -0.5 0.697451184253548 0.11645533728998232 0.1164553372899823 0.6974511842535479
1506456529.687999964 0.5472642250929544 0.1389663150222316 -0.5 0.69786344096635 0.11395884240639599 0.11395884240639598 0.6978634409663499
1506456529.891000032 0.5472642250929544 0.1389663150222316 -0.5 0.698341243966865 0.11099327445756155 0.11099327445756155 0.698341243966865
1506456530.052000046 0.5472642250929544 0.1389663150222316 -0.5 0.6981715403696077 0.11205579064880736 0.11205579064880734 0.6981715403696076
1506456530.226000071 0.5472642250929544 0.1389663150222316 -0.5 0.6983057392207197 0.11121643121141835 0.11121643121141835 0.6983057392207198
1506456530.398000002 0.5472642250929544 0.1389663150222316 -0.5 0.6978641522912936 0.1139544862949863 0.11395448629498629 0.6978641522912935
1506456530.618999958 0.5472642250929544 0.1389663150222316 -0.5 0.6971996771239736 0.11795172833929615 0.11795172833929614 0.6971996771239735
1506456530.792999983 0.5472642250929544 0.1389663150222316 -0.5 0.69659724244451 0.12145897175056548 0.12145897175056546 0.6965972424445098
1506456530.973000050 0.5472642250929544 0.1389663150222316 -0.5 0.6962712512726569 0.12331400833323318 0.12331400833323318 0.6962712512726569
1506456531.207999945 0.5803701157051336 0.1510725694553611 -0.5 0.6961471913647972 0.12401245080597505 0.12401245080597503 0.6961471913647972
1506456531.385999918 0.6304851349162485 0.16951285102559893 -0.5 0.6959907734366487 0.12488732237923632 0.12488732237923632 0.695990773436649
1506456531.562000036 0.6799911148046646 0.1878704569024281 -0.5 0.6962941585425476 0.12318459635654774 0.12318459635654774 0.6962941585425476
1506456531.760999918 0.7360674241400152 0.2083529690668897 -0.5 0.6965933832526781 0.12148110309257028 0.12148110309257025 0.696593383252678
1506456531.943000078 0.7874443967101092 0.2268346337953201 -0.5 0.6965933832526781 0.12148110309257028 0.12148110309257025 0.696593383252678
1506456532.117000103 0.8365630046916663 0.24450390466183203 -0.5 0.6965933832526781 0.12148110309257028 0.12148110309257025 0.696593383252678
