1506456462.051000118 0.0 0.0 0.0 1.0 0.0 0.0 6.123233995736766e-17
1506456462.223999977 0.0 0.0 0.0 0.9999788349866315 -0.006506118564791642 -3.983848637622628e-19 6.123104397407388e-17
1506456462.424999952 0.0 0.0 0.0 0.9999580372570462 -0.009160989304422142 -5.609488114341859e-19 6.122977048042556e-17
1506456462.598999977 0.0 0.0 0.0 0.9999492826213027 -0.010071354682575941 -6.166926137547169e-19 6.12292344135935e-17
1506456462.769000053 0.0 0.0 0.0 0.9999399287990833 -0.010960784337086145 -6.711544727278494e-19 6.122866165717149e-17
1506456462.970000029 0.0 0.0 0.0 0.999927848613183 -0.012012392260142741 -7.355468865743123e-19 6.122792195912168e-17
1506456463.144000053 0.0 0.0 0.0 0.999916498051662 -0.01292272897265207 -7.912889336303561e-19 6.122722693767992e-17
1506456463.313999891 0.0 0.0 0.0 0.999912579155516 -0.0132224826172654 -8.096435507007791e-19 6.122698697449886e-17
1506456463.483999968 0.0 0.0 0.0 0.9999328325707398 -0.011590096939053642 -7.096887559109789e-19 6.122822713850514e-17
1506456463.654999971 0.0 0.0 0.0 0.9999505166423869 -0.00994807853927609 -6.09144127039547e-19 6.122930997559205e-17
1506456463.825999975 0.0 0.0 0.0 0.999965504310316 -0.008306033314135066 -5.085978555883394e-19 6.123022770556986e-17
1506456463.996999979 0.0 0.0 0.0 0.9999777955341124 -0.006663965691466625 -4.0805021268411903e-19 6.123098032596385e-17
1506456464.167000055 0.0 0.0 0.0 0.9999873420128887 -0.005031482286344157 -3.0808943384689885e-19 6.123156487919769e-17
1506456464.336999893 0.0 0.0 0.0 0.9999866816389809 -0.005161060420068629 -3.160238061821571e-19 6.123152444295806e-17
1506456464.510999918 0.0 0.0 0.0 0.9999651644799665 -0.008346845305477121 -5.110968693165334e-19 6.123020689696238e-17
1506456464.680999994 0.0 0.0 0.0 0.9999343399156668 -0.011459313130359946 -7.016805572761272e-19 6.122831943676214e-17
1506456464.851999998 0.0 0.0 0.0 0.9998714319164594 -0.016034950493505336 -9.818575398178795e-19 6.122446743276862e-17
