1506456520.727999926 0.0 0.0 -0.5 0.7071067811865476 0.0 0.0 0.7071067811865475
1506456520.898999929 0.0 0.0 -0.5 0.7071045050064227 0.0017941570783174955 0.0017941570783174949 0.707104505006423
1506456521.079999924 0.0 0.0 -0.5 0.7070971362593327 0.003693222691727022 0.003693222691727022 0.7070971362593327
1506456521.252000093 0.0 0.0 -0.5 0.7070854077043421 0.005497836991416474 0.005497836991416476 0.7070854077043423
1506456521.453999996 0.0 0.0 -0.5 0.7070133255141647 0.011495979532067699 0.011495979532067699 0.7070133255141647
1506456521.638000011 0.0 0.0 -0.5 0.706962270606327 0.01429503197430611 0.01429503197430611 0.7069622706063271
1506456521.809000015 0.0 0.0 -0.5 0.7069261470645002 0.015981945956001047 0.015981945956001047 0.7069261470645003
1506456522.002000093 0.0 0.0 -0.5 0.7068039181540204 0.020693508212111678 0.020693508212111668 0.7068039181540204
1506456522.174000025 0.0 0.0 -0.5 0.7066249876470746 0.026098406709448067 0.02609840670944806 0.7066249876470745
1506456522.358999968 0.0 0.0 -0.5 0.7064522129691189 0.030418264102917217 0.03041826410291719 0.7064522129691188
1506456522.529999971 0.0 0.0 -0.5 0.7060861705096267 0.037977885868625424 0.037977885868625424 0.7060861705096267
1506456522.769000053 0.12775802612304688 0.20015525817871094 -0.5 0.7061489869352461 0.036791415443355166 0.036791415443355166 0.7061489869352463
1506456522.940999985 0.12775802612304688 0.20015525817871094 -0.5 0.7062177544413859 0.03544690835272412 0.03544690835272411 0.7062177544413859
1506456523.141999960 0.12775802612304688 0.20015525817871094 -0.5 0.7060791265180175 0.03810862232557316 0.03810862232557316 0.7060791265180179
1506456523.345000029 0.12775802612304688 0.20015525817871094 -0.5 0.70593836008652 0.04063289010586163 0.04063289010586164 0.7059383600865198
1506456523.539000034 0.12775802612304688 0.20015525817871094 -0.5 0.7062447400916136 0.03490511556962849 0.03490511556962847 0.7062447400916135
1506456523.721999884 0.12775802612304688 0.20015525817871094 -0.5 0.7056436940657673 0.04546401901743713 0.045464019017437116 0.7056436940657672
1506456523.928999901 0.12775802612304688 0.20015525817871094 -0.5 0.7057882174164296 0.043162392845378705 0.04316239284537869 0.7057882174164295
1506456524.111999989 0.12775802612304688 0.20015525817871094 -0.5 0.7054393912014358 0.048531076037395225 0.04853107603739522 0.705439391201436
1506456524.298000097 0.12775802612304688 0.20015525817871094 -0.5 0.7055550955260803 0.04681887629133732 0.04681887629133732 0.7055550955260805
1506456524.499000072 0.12775802612304688 0.20015525817871094 -0.5 0.7048258046625654 0.05675019895795067 0.05675019895795068 0.7048258046625657
1506456524.694999933 0.12775802612304688 0.20015525817871094 -0.5 0.7043891605506352 0.0619347277282413 0.0619347277282413 0.7043891605506353
1506456524.871999979 0.1344486702415248 0.4481372608947198 -0.5 0.7034758564183288 0.07156618919922259 0.07156618919922259 0.7034758564183288
1506456525.078000069 0.1344486702415248 0.4481372608947198 -0.5 0.7033596842734722 0.07269906834837302 0.07269906834837302 0.7033596842734723
1506456525.265000105 0.16190568118812093 0.45387445121913206 -0.5 0.7028319989916627 0.07763492251160888 0.07763492251160888 0.7028319989916626
1506456525.436000109 0.21196890477830815 0.4650710474375782 -0.5 0.7029828567161275 0.07625682371586585 0.07625682371586587 0.7029828567161274
1506456525.608000040 0.26236864726690745 0.47613557728946543 -0.5 0.703031197843395 0.07580985990543282 0.07580985990543282 0.7030311978433949
1506456525.878000021 0.3415065700036646 0.49340370577842146 -0.5 0.702869664075101 0.07729317772581655 0.07729317772581654 0.702869664075101
1506456526.052999973 0.39275196652996003 0.5048123789205072 -0.5 0.7028422227358834 0.07754231064188767 0.07754231064188766 0.7028422227358833
1506456526.249000072 0.4501377826178249 0.5176307877394929 -0.5 0.7028457634476469 0.07751021096406582 0.07751021096406584 0.7028457634476474
1506456526.444999933 0.5075246996445025 0.530443939196295 -0.5 0.7022751679195505 0.0825202309956008 0.08252023099560078 0.7022751679195504
1506456526.619999886 0.5585946723386142 0.5426138368344384 -0.5 0.7015143277412517 0.08875611513433829 0.08875611513433826 0.7015143277412514
1506456526.792000055 0.6085687748992472 0.555465074343017 -0.5 0.7008269185533964 0.09402994326782856 0.09402994326782856 0.7008269185533964
1506456526.967000008 0.3813834710798379 0.42739854830412427 -0.5 0.6990171991275642 0.10665343559330472 0.10665343559330474 0.6990171991275642
1506456527.141000032 0.40629592918022817 0.4351818393378913 -0.5 0.6981854592141362 0.11196903385287335 0.11196903385287332 0.698185459214136
1506456527.341000080 0.40629592918022817 0.4351818393378913 -0.5 0.6974820624667875 0.11627025645914967 0.11627025645914967 0.6974820624667875
1506456527.538000107 0.40629592918022817 0.4351818393378913 -0.5 0.6981960748113603 0.11190281997344628 0.1119028199734463 0.6981960748113601
1506456527.713000059 0.40629592918022817 0.4351818393378913 -0.5 0.6985982508768209 0.10936399714643978 0.10936399714643978 0.6985982508768208
1506456527.894000053 0.40629592918022817 0.4351818393378913 -0.5 0.6988679183118884 0.10762728629119915 0.10762728629119914 0.6988679183118883
1506456528.088000059 0.40629592918022817 0.4351818393378913 -0.5 0.6990130551470262 0.10668059211506213 0.10668059211506213 0.6990130551470265
1506456528.262000084 0.40629592918022817 0.4351818393378913 -0.5 0.6986164586698448 0.1092476254918384 0.1092476254918384 0.6986164586698449
1506456528.433000088 0.40629592918022817 0.4351818393378913 -0.5 0.6984038732310316 0.11059850747588465 0.11059850747588462 0.6984038732310314
1506456528.631999969 0.40629592918022817 0.4351818393378913 -0.5 0.6980742947880693 0.11266001489499249 0.11266001489499246 0.6980742947880691
1506456528.805999994 0.40629592918022817 0.4351818393378913 -0.5 0.6977811339888255 0.11446173617968851 0.11446173617968848 0.6977811339888257
1506456528.980999947 0.4392685481058731 0.5668207556868764 -0.5 0.6975787162610408 0.11568895634241962 0.11568895634241962 0.6975787162610408
1506456529.151999950 0.4392685481058731 0.5668207556868764 -0.5 0.6972829665166379 0.11745835264363774 0.11745835264363774 0.697282966516638
1506456529.345999956 0.4392685481058731 0.5668207556868764 -0.5 0.697181686980051 0.1180580168376976 0.11805801683769755 0.6971816869800511
1506456529.516999960 0.4392685481058731 0.5668207556868764 -0.5 0.6974578916274533 0.11641515969403572 0.1164151596940357 0.6974578916274531
1506456529.687999964 0.4392685481058731 0.5668207556868764 -0.5 0.6978700045263803 0.1139186410661138 0.11391864106611377 0.6978700045263801
1506456529.891000032 0.4392685481058731 0.5668207556868764 -0.5 0.6983476366914686 0.11095304559785987 0.11095304559785986 0.6983476366914684
1506456530.052000046 0.4392685481058731 0.5668207556868764 -0.5 0.6981779943018459 0.11201557156329545 0.11201557156329542 0.6981779943018458
1506456530.226000071 0.4392685481058731 0.5668207556868764 -0.5 0.6983121448005597 0.11117620439663435 0.11117620439663435 0.6983121448005597
1506456530.398000002 0.4392685481058731 0.5668207556868764 -0.5 0.6978707156003844 0.11391428491373476 0.11391428491373473 0.6978707156003843
1506456530.618999958 0.4392685481058731 0.5668207556868764 -0.5 0.6972064706994628 0.11791156522919714 0.11791156522919713 0.6972064706994626
1506456530.792999983 0.4392685481058731 0.5668207556868764 -0.5 0.6966042380594127 0.12141884333852504 0.12141884333852501 0.6966042380594124
1506456530.973000050 0.4392685481058731 0.5668207556868764 -0.5 0.696278353749417 0.1232738986971762 0.1232738986971762 0.696278353749417
1506456531.207999945 0.5516460399599826 0.6393728566023469 -0.5 0.6961615828025879 0.12393163692050381 0.12393163692050381 0.6961615828025879
1506456531.385999918 0.6017653391430915 0.6578015023560122 -0.5 0.6960052664359693 0.12480652664582587 0.12480652664582587 0.6960052664359695
1506456531.562000036 0.65127557982491 0.676147613820561 -0.5 0.696308453876909 0.12310376541580019 0.12310376541580019 0.6963084538769091
1506456531.760999918 0.7073566431209725 0.6966171060669336 -0.5 0.6966074808330425 0.12140023742745515 0.12140023742745512 0.6966074808330424
1506456531.943000078 0.7587379052370715 0.7150868419870549 -0.5 0.6966074808330425 0.12140023742745515 0.12140023742745512 0.6966074808330424
1506456532.117000103 0.807860614210145 0.7327447083968672 -0.5 0.6966074808330425 0.12140023742745515 0.12140023742745512 0.6966074808330424
